%roundNum, %playerNum, %fitness, %myMovesWeight, %theirMovesWeight, %myPiecesWeight, %theirPiecesWeight
0, 0, 0.6, 5.52876128308, 5.30032543139, 0.448907037645, 5.30032543139
0, 1, 0.6, 14.543778595, 1.5748347589, 2.85516130383, 1.5748347589
0, 2, 0.6, 13.7340002939, 6.09410724607, 1.56716417253, 6.09410724607
0, 3, 0.5, 9.4397134578, 0.577120682775, -0.419207002192, 0.577120682775
0, 4, 0.4, 6.27006518281, 1.76932708167, -0.722368020017, 1.76932708167
1, 0, 0.85, 2.80474439825, 4.35447150912, -1.03631175333, 4.35447150912
1, 1, 0.65, 2.77486272908, 4.65076066383, -0.039622923241, 4.65076066383
1, 2, 0.7, 9.68122214932, 4.69820810646, 1.13211620205, 4.69820810646
1, 3, 0.35, 4.19097520052, 8.86502805778, -0.135106185893, 8.86502805778
1, 4, 0.6, 1.3796137398, 5.19103260169, -1.1961798053, 5.19103260169
2, 0, 0.75, 4.30217841728, 9.13018936365, -2.78813493699, 9.13018936365
2, 1, 0.6, 3.62828328426, 0.131331303458, -0.591430412894, 0.131331303458
2, 2, 0.65, 2.32066551704, 7.28987919989, 0.117511176198, 7.28987919989
2, 3, 0.5, -1.32975120382, 7.5492484949, -1.38964669511, 7.5492484949
2, 4, 0.25, 3.59075207861, 0.075562902223, -2.62229307517, 0.075562902223
3, 0, 0.8, 4.6017283338, 9.23029765707, -0.855244092545, 9.23029765707
3, 1, 0.5, 5.29973642949, 7.1087907338, -1.05329430482, 7.1087907338
3, 2, 0.8, 3.59082675469, 13.2471670678, -4.04611122358, 13.2471670678
3, 3, 0.55, -0.484970482194, 9.08369696198, -4.27587735992, 9.08369696198
3, 4, 0.4, 7.35010668794, 9.07327593614, -1.37564898798, 9.07327593614
