%roundNum, %playerNum, %fitness, %myMovesWeight, %theirMovesWeight, %myPiecesWeight, %theirPiecesWeight, %gamesPerRound
0, 0, 0.5, 8.44229248392, 8.1948303445, 1.91346331298, 8.1948303445, 50
0, 1, 0.7, 14.4299534065, 4.67355977451, 1.24534241239, 4.67355977451, 50
0, 2, 0.64, 10.2049039734, 6.2030627883, -0.425221348786, 6.2030627883, 50
0, 3, 0.66, 11.4630284557, 2.97937901146, 2.41099136698, 2.97937901146, 50
0, 4, 0.7, 6.11947273678, 1.04443417415, -0.849938917926, 1.04443417415, 50
1, 0, 0.78, 13.6394466007, 1.62305440213, -0.527044158352, 1.62305440213, 50
1, 1, 0.8, 10.3351281553, 0.90386409602, 2.56110477447, 0.90386409602, 50
1, 2, 0.64, 17.4402848043, 1.13533733703, 0.257068594533, 1.13533733703, 50
1, 3, 0.6, 19.242423799, 6.01743669072, 1.00119029523, 6.01743669072, 50
1, 4, 0.68, 16.2980027152, 6.94690844413, 2.33487585272, 6.94690844413, 50
2, 0, 0.76, 6.38787041034, -0.14512637667, 2.95285431315, -0.14512637667, 50
2, 1, 0.66, 9.30481994412, -2.88145735041, 2.14335326115, -2.88145735041, 50
2, 2, 0.5, 6.39405180358, 0.230223880677, 0.93781155587, 0.230223880677, 50
2, 3, 0.74, 13.2978344895, 2.6430674457, 1.26886928512, 2.6430674457, 50
2, 4, 0.52, 8.90670965598, 5.80981423219, 1.79867093357, 5.80981423219, 50
3, 0, 0.58, 10.7997090506, 2.8119590303, 3.93848841263, 2.8119590303, 50
3, 1, 0.76, 5.99203419177, -4.41801508226, 4.28110745837, -4.41801508226, 50
3, 2, 0.72, 3.86294511366, 1.47496499185, 2.54586037016, 1.47496499185, 50
3, 3, 0.76, 11.2554631376, -5.03139341399, 3.82032223444, -5.03139341399, 50
3, 4, 0.8, 10.6360311409, -1.25308338293, 1.04017134618, -1.25308338293, 50
4, 0, 0.74, 11.1610692031, 1.84136101564, 0.466481798688, 1.84136101564, 50
4, 1, 0.56, 10.3751876615, -1.56574125575, 2.08203848154, -1.56574125575, 50
4, 2, 0.68, 6.19717733523, -4.29943952491, -0.148013975344, -4.29943952491, 50
4, 3, 0.66, 8.21906500112, -2.41707079622, 0.776978811989, -2.41707079622, 50
4, 4, 0.7, 8.98281240385, -6.00795145255, 2.48447292806, -6.00795145255, 50
5, 0, 0.56, 15.2238554593, -0.308699970278, -0.191408708009, -0.308699970278, 50
5, 1, 0.64, 13.7102977603, 3.8724729721, 2.11534128063, 3.8724729721, 50
5, 2, 0.5, 11.4757421147, 5.89233955175, 1.86940137578, 5.89233955175, 50
5, 3, 0.6, 13.2831888297, 0.847339778925, 0.66002257323, 0.847339778925, 50
5, 4, 0.5, 6.90952246605, 6.37346139477, 1.24050283434, 6.37346139477, 50
6, 0, 0.54, 17.0656028113, 8.25964365533, 2.49496889056, 8.25964365533, 50
6, 1, 0.76, 8.97767292073, 0.66692271129, 1.18488070208, 0.66692271129, 50
6, 2, 0.66, 13.7315315089, 2.89314762019, 3.20953766711, 2.89314762019, 50
6, 3, 0.62, 17.1039057966, 7.66509962809, 2.07390086059, 7.66509962809, 50
6, 4, 0.54, 16.2908811214, 2.98220624868, 2.96656082973, 2.98220624868, 50
7, 0, 0.56, 8.81076568068, 4.0639120348, 0.689297317505, 4.0639120348, 50
7, 1, 0.68, 9.05468091076, -2.97210360553, 0.980448061797, -2.97210360553, 50
7, 2, 0.62, 10.2757356208, 0.386983771487, 2.31597314769, 0.386983771487, 50
7, 3, 0.64, 9.61087127806, 1.63215653344, 0.253688878742, 1.63215653344, 50
7, 4, 0.76, 5.14298789958, -2.71792417667, 1.04070378342, -2.71792417667, 50
8, 0, 0.66, 7.7279267436, -1.59589466822, 2.0772123326, -1.59589466822, 50
8, 1, 0.7, 9.32410433426, -2.21855588181, 0.349688978869, -2.21855588181, 50
8, 2, 0.62, 4.0621737164, 0.811174500853, 2.31545703318, 0.811174500853, 50
8, 3, 0.74, 9.9730405591, -3.52580066217, -0.73244870016, -3.52580066217, 50
8, 4, 0.6, 2.14937269213, -5.67876057745, 0.28386917687, -5.67876057745, 50
9, 0, 0.66, 7.43743785704, -7.54933234574, 0.83069278526, -7.54933234574, 50
9, 1, 0.78, 13.0136844388, -5.2120103347, 1.20186489126, -5.2120103347, 50
9, 2, 0.66, 9.28588628602, -4.78976512641, -2.07486658927, -4.78976512641, 50
9, 3, 0.62, 11.7462462067, -2.63005169893, -1.37896833499, -2.63005169893, 50
9, 4, 0.78, 14.9375587236, -7.28752166231, -0.386266177842, -7.28752166231, 50
10, 0, 0.74, 12.0444912517, -8.14484957694, 1.73008678504, -8.14484957694, 50
10, 1, 0.8, 8.4520930715, -2.87069670455, 0.218972241843, -2.87069670455, 50
10, 2, 0.62, 8.39539634659, -5.6254240952, 0.502201201573, -5.6254240952, 50
10, 3, 0.58, 13.8074517368, -2.95513245704, 2.46041599364, -2.95513245704, 50
10, 4, 0.64, 9.98302293294, -3.50575330557, -0.185853504495, -3.50575330557, 50
11, 0, 0.7, 11.0881869562, -1.1128121208, 2.21599196888, -1.1128121208, 50
11, 1, 0.6, 12.9677698204, -6.45997333152, 1.56457279111, -6.45997333152, 50
11, 2, 0.66, 5.97803253796, -2.15285337046, 1.69119911376, -2.15285337046, 50
11, 3, 0.56, 8.4724260767, -2.28770349979, -0.322398749769, -2.28770349979, 50
11, 4, 0.78, 8.44906449057, -5.60997671274, 0.334181636134, -5.60997671274, 50
12, 0, 0.8, 10.4223038112, -7.09545899075, 0.921499895984, -7.09545899075, 50
12, 1, 0.7, 8.55302625068, -7.18839158166, -0.366525514909, -7.18839158166, 50
12, 2, 0.74, 12.6499210311, -10.4082704144, 0.305859014132, -10.4082704144, 50
12, 3, 0.6, 3.86139638668, -5.18984575454, 1.4306565756, -5.18984575454, 50
12, 4, 0.58, 3.93822348242, -4.15663573918, 1.4792049922, -4.15663573918, 50
13, 0, 0.62, 12.3219332591, -6.86823786343, 1.17906559935, -6.86823786343, 50
13, 1, 0.62, 7.35573496871, -8.28422529365, -0.750602063034, -8.28422529365, 50
13, 2, 0.72, 11.812304225, -8.34358911599, 1.51884114104, -8.34358911599, 50
13, 3, 0.68, 13.6175629828, -2.33608325848, 0.850947915395, -2.33608325848, 50
13, 4, 0.84, 14.8221905362, -5.81338866147, -0.276309108759, -5.81338866147, 50
14, 0, 0.78, 19.3237361204, -6.36329571889, -0.367369886649, -6.36329571889, 50
14, 1, 0.78, 12.7021459483, -10.379714097, -1.04997306252, -10.379714097, 50
14, 2, 0.74, 17.8436293074, -10.7275927293, -2.18067442746, -10.7275927293, 50
14, 3, 0.78, 15.1067304857, -1.53844051348, 0.193924258242, -1.53844051348, 50
14, 4, 0.76, 18.7742629626, -5.73978363794, 1.37489425199, -5.73978363794, 50
15, 0, 0.78, 18.973306786, -2.6577754999, -1.24026719993, -2.6577754999, 50
15, 1, 0.68, 20.0673849435, -5.74972077729, -1.34221706541, -5.74972077729, 50
15, 2, 0.7, 15.1511511019, -1.78372917552, 0.829898468112, -1.78372917552, 50
15, 3, 0.82, 19.3668960981, -10.4473758238, -0.736407472105, -10.4473758238, 50
15, 4, 0.78, 19.9353498519, -8.29998580351, 0.74408130972, -8.29998580351, 50
16, 0, 0.88, 22.3952874602, -13.9207639777, -0.16783419481, -13.9207639777, 50
16, 1, 0.72, 21.4559361296, -6.75722769197, -1.16571261079, -6.75722769197, 50
16, 2, 0.66, 24.3484354012, -8.00231574074, 0.882072940886, -8.00231574074, 50
16, 3, 0.68, 22.7123614271, -6.82095251631, 0.893855547495, -6.82095251631, 50
16, 4, 0.64, 23.5187104043, -15.1366685165, -1.92093965044, -15.1366685165, 50
17, 0, 0.7, 24.3379496712, -16.9426900383, 1.09529805247, -16.9426900383, 50
17, 1, 0.7, 23.3882717562, -14.5962715506, -1.86659087361, -14.5962715506, 50
17, 2, 0.78, 19.0222541193, -11.478996012, -0.302572924356, -11.478996012, 50
17, 3, 0.76, 18.1398218893, -17.0851778961, 0.183312709622, -17.0851778961, 50
17, 4, 0.8, 25.7515107707, -12.1105430762, 0.332372875511, -12.1105430762, 50
18, 0, 0.8, 26.0213075818, -12.1745392075, 1.81228725618, -12.1745392075, 50
18, 1, 0.76, 28.1601584244, -11.5434897432, 0.399283864543, -11.5434897432, 50
18, 2, 0.88, 27.3618230233, -13.1055676956, 0.124120818596, -13.1055676956, 50
18, 3, 0.74, 27.0744218627, -14.2031948141, 1.71702025492, -14.2031948141, 50
18, 4, 0.84, 21.7885399589, -15.1848975137, -0.338900297414, -15.1848975137, 50
19, 0, 0.68, 25.8191983235, -16.1426691822, 1.41547333415, -16.1426691822, 50
19, 1, 0.66, 24.6986259044, -15.5301006848, -0.490589489521, -15.5301006848, 50
19, 2, 0.76, 25.826965259, -11.0402646509, 1.01869769698, -11.0402646509, 50
19, 3, 0.78, 22.6845235053, -9.98515934542, 1.71454803962, -9.98515934542, 50
19, 4, 0.68, 22.9685221993, -14.1506386971, -0.47313255823, -14.1506386971, 50
20, 0, 0.84, 27.5795254412, -7.22092316085, 0.580800568884, -7.22092316085, 50
20, 1, 0.76, 18.4683319235, -13.6497284328, 2.993430881, -13.6497284328, 50
20, 2, 0.72, 19.0763029028, -14.8351201848, 3.17800128052, -14.8351201848, 50
20, 3, 0.8, 23.7595604244, -4.98890725427, 3.69522376676, -4.98890725427, 50
20, 4, 0.7, 19.4878701385, -11.7410875145, 2.37186667092, -11.7410875145, 50
21, 0, 0.72, 32.2537782777, -9.52620556543, -1.2263770879, -9.52620556543, 50
21, 1, 0.7, 25.0973845373, -5.05232808399, 2.41217285655, -5.05232808399, 50
21, 2, 0.76, 25.1921279028, -11.3077118294, 1.06051862722, -11.3077118294, 50
21, 3, 0.6, 24.3148985366, -5.08663021284, 0.772517619942, -5.08663021284, 50
21, 4, 0.7, 29.6207493609, -9.58954841107, 1.39836663198, -9.58954841107, 50
22, 0, 0.64, 29.7120764529, -7.86941823115, 1.11388719989, -7.86941823115, 50
22, 1, 0.86, 22.2256209186, -9.04367239423, 0.63041393183, -9.04367239423, 50
22, 2, 0.68, 27.9062324653, -13.5777829458, 2.81786235173, -13.5777829458, 50
22, 3, 0.7, 30.0808325561, -8.47874959832, 0.732825536766, -8.47874959832, 50
22, 4, 0.74, 24.1447528955, -7.73134764619, 1.16894731891, -7.73134764619, 50
23, 0, 0.82, 25.6641185128, -11.8672249639, 0.0775473709577, -11.8672249639, 50
23, 1, 0.82, 18.1970681723, -6.81433217413, 0.403521255937, -6.81433217413, 50
23, 2, 0.8, 24.4689185317, -6.10820803346, 1.22351372155, -6.10820803346, 50
23, 3, 0.78, 26.3355554334, -6.90834100643, 2.20384923808, -6.90834100643, 50
23, 4, 0.8, 26.2801797566, -6.82654061599, 2.6265534184, -6.82654061599, 50
24, 0, 0.74, 30.6103511815, -16.1338243971, 0.939655367426, -16.1338243971, 50
24, 1, 0.76, 23.5807374251, -15.2397861793, 0.234288277502, -15.2397861793, 50
24, 2, 0.86, 28.5839624477, -14.1922802364, -1.45425471566, -14.1922802364, 50
24, 3, 0.74, 21.2621541171, -12.2215836056, 0.836930597372, -12.2215836056, 50
24, 4, 0.78, 30.5456700372, -13.2297072431, 0.162096001635, -13.2297072431, 50
25, 0, 0.72, 26.9269847773, -10.4567614521, -0.0717834885348, -10.4567614521, 50
25, 1, 0.76, 31.2835798237, -13.4621530948, -2.44930158761, -13.4621530948, 50
25, 2, 0.74, 31.3553441653, -10.004579272, -0.851130411261, -10.004579272, 50
25, 3, 0.72, 24.1782657806, -10.97031759, -0.938048612825, -10.97031759, 50
25, 4, 0.74, 23.8564199222, -18.4942902716, -3.14241292756, -18.4942902716, 50
26, 0, 0.78, 34.6917356129, -9.18305758399, -2.6255630687, -9.18305758399, 50
26, 1, 0.7, 31.5472230816, -12.1250200234, -4.07357472475, -12.1250200234, 50
26, 2, 0.78, 28.4485242125, -12.3925023202, -0.750090431689, -12.3925023202, 50
26, 3, 0.74, 27.4042873323, -9.72679959633, -0.808136851431, -9.72679959633, 50
26, 4, 0.74, 36.1982009386, -8.92412383731, -1.8448250919, -8.92412383731, 50
27, 0, 0.66, 36.8939923412, -13.8336787353, -1.22161371187, -13.8336787353, 50
27, 1, 0.74, 35.5072873076, -6.385259605, -4.59437324765, -6.385259605, 50
27, 2, 0.7, 39.4277902181, -7.48789835293, -4.39500367344, -7.48789835293, 50
27, 3, 0.86, 30.3815105334, -12.5875388801, -2.97642087314, -12.5875388801, 50
27, 4, 0.72, 30.5407580707, -7.18963833341, -1.99411603777, -7.18963833341, 50
28, 0, 0.7, 27.0611486951, -11.5004910591, -2.43452463558, -11.5004910591, 50
28, 1, 0.78, 29.4448478976, -10.0169721682, -3.55378513586, -10.0169721682, 50
28, 2, 0.88, 32.9010292623, -12.6108256381, -3.31710793881, -12.6108256381, 50
28, 3, 0.72, 34.8774684915, -9.56150063295, -2.8732257054, -9.56150063295, 50
28, 4, 0.72, 30.7511176867, -12.5004181318, -2.86229225827, -12.5004181318, 50
29, 0, 0.76, 34.8251321432, -11.9182492445, -3.22770734395, -11.9182492445, 50
29, 1, 0.7, 29.4791638621, -15.611633789, -4.04982068156, -15.611633789, 50
29, 2, 0.72, 37.2620071924, -14.6555685087, -2.93728338703, -14.6555685087, 50
29, 3, 0.68, 37.1281697623, -9.90370415311, -3.96880709332, -9.90370415311, 50
29, 4, 0.72, 28.3719590987, -15.457137866, -3.22939916088, -15.457137866, 50
30, 0, 0.8, 33.7295334303, -15.5118579584, -2.03391313131, -15.5118579584, 50
30, 1, 0.68, 32.845251172, -12.8957389145, -4.50343657737, -12.8957389145, 50
30, 2, 0.7, 39.6090493625, -9.2815245175, -4.24463922647, -9.2815245175, 50
30, 3, 0.72, 34.4060320277, -14.718434722, -3.68808525478, -14.718434722, 50
30, 4, 0.7, 38.4157970411, -15.42811489, -1.76204936027, -15.42811489, 50
31, 0, 0.78, 32.821040216, -10.5742093132, -0.998368980802, -10.5742093132, 50
31, 1, 0.64, 32.2307358483, -18.1273476941, -1.08469563714, -18.1273476941, 50
31, 2, 0.76, 29.7211256116, -14.7425171151, -3.60659753757, -14.7425171151, 50
31, 3, 0.7, 30.3559497993, -12.9046290856, -0.637564404733, -12.9046290856, 50
31, 4, 0.6, 30.7661745001, -18.1242148475, -1.8337769495, -18.1242148475, 50
32, 0, 0.76, 35.1644544675, -13.0309258792, 0.226791710663, -13.0309258792, 50
32, 1, 0.66, 35.4831241068, -15.4080886983, -1.65451346493, -15.4080886983, 50
32, 2, 0.68, 29.2336844483, -14.1255583467, -2.75770866545, -14.1255583467, 50
32, 3, 0.72, 30.3390574178, -9.41516939968, 0.474089107899, -9.41516939968, 50
32, 4, 0.64, 34.4432322742, -8.04545822431, -0.810575402839, -8.04545822431, 50
33, 0, 0.64, 35.8844354593, -13.4632297839, 2.02194325729, -13.4632297839, 50
33, 1, 0.82, 34.8848214769, -15.6579565336, 0.202796833685, -15.6579565336, 50
33, 2, 0.82, 34.5828061598, -16.75897721, 1.21982361426, -16.75897721, 50
33, 3, 0.82, 31.3362155299, -17.597953142, 2.20004832837, -17.597953142, 50
33, 4, 0.84, 34.915573108, -16.633561856, 0.707050141489, -16.633561856, 50
34, 0, 0.74, 31.9882606892, -17.4048802529, 0.847649572436, -17.4048802529, 50
34, 1, 0.78, 31.2911192936, -12.9918060785, 2.26112149837, -12.9918060785, 50
34, 2, 0.78, 29.9306119674, -20.7152617863, 2.14427690506, -20.7152617863, 50
34, 3, 0.7, 38.6272005308, -18.9960361436, 0.833042428022, -18.9960361436, 50
34, 4, 0.72, 37.949098825, -20.6903057527, 1.40562111721, -20.6903057527, 50
