%roundNum, %playerNum, %fitness, %myMovesWeight, %theirMovesWeight, %myPiecesWeight, %theirPiecesWeight
0, 0, 0.7, 8.19272623616, 9.8977022264, 2.48641221368, 9.8977022264
0, 1, 0.3, 12.8133499198, 9.20538146976, 2.12703296497, 9.20538146976
0, 2, 0.8, 12.2713303507, 2.09873226705, -0.442716484033, 2.09873226705
1, 0, 0.5, 8.19272623616, 9.8977022264, 2.48641221368, 9.8977022264
1, 1, 0.7, 12.8133499198, 9.20538146976, 2.12703296497, 9.20538146976
1, 2, 0.7, 12.2713303507, 2.09873226705, -0.442716484033, 2.09873226705
2, 0, 0.7, 8.19272623616, 9.8977022264, 2.48641221368, 9.8977022264
2, 1, 0.8, 12.8133499198, 9.20538146976, 2.12703296497, 9.20538146976
2, 2, 0.6, 12.2713303507, 2.09873226705, -0.442716484033, 2.09873226705
3, 0, 0.8, 8.19272623616, 9.8977022264, 2.48641221368, 9.8977022264
3, 1, 0.7, 12.8133499198, 9.20538146976, 2.12703296497, 9.20538146976
3, 2, 0.6, 12.2713303507, 2.09873226705, -0.442716484033, 2.09873226705
4, 0, 0.2, 8.19272623616, 9.8977022264, 2.48641221368, 9.8977022264
4, 1, 0.5, 12.8133499198, 9.20538146976, 2.12703296497, 9.20538146976
4, 2, 1.0, 12.2713303507, 2.09873226705, -0.442716484033, 2.09873226705
5, 0, 0.5, 8.19272623616, 9.8977022264, 2.48641221368, 9.8977022264
5, 1, 0.6, 12.8133499198, 9.20538146976, 2.12703296497, 9.20538146976
5, 2, 0.7, 12.2713303507, 2.09873226705, -0.442716484033, 2.09873226705
6, 0, 0.4, 8.19272623616, 9.8977022264, 2.48641221368, 9.8977022264
6, 1, 0.9, 12.8133499198, 9.20538146976, 2.12703296497, 9.20538146976
6, 2, 0.6, 12.2713303507, 2.09873226705, -0.442716484033, 2.09873226705
7, 0, 1.0, 8.19272623616, 9.8977022264, 2.48641221368, 9.8977022264
