%roundNum, %playerNum, %fitness, %myMovesWeight, %theirMovesWeight, %myPiecesWeight, %theirPiecesWeight
0, 0, 0.7, 6.90082546597, 4.83973021903, 0.156607052326, 4.83973021903
0, 1, 0.4, 8.27520463092, 9.73302754962, -0.568759752547, 9.73302754962
0, 2, 0.7, 13.7750656263, 6.87319321489, 1.80973256574, 6.87319321489
1, 0, 0.8, 8.80316740207, 4.09222457713, 1.70364903392, 4.09222457713
1, 1, 0.6, 9.297705154, 1.05334486059, -0.498443865979, 1.05334486059
1, 2, 0.7, 9.39269627425, 0.806443234585, -1.54165677999, 0.806443234585
2, 0, 0.7, 10.9564418108, 0.423372084645, 1.10822074156, 0.423372084645
2, 1, 0.5, 3.98947547353, 7.3956814305, 3.50486614595, 7.3956814305
2, 2, 0.5, 6.63213091343, 7.72666740533, 0.926592475018, 7.72666740533
