%roundNum, %playerNum, %fitness, %myMovesWeight, %theirMovesWeight, %myPiecesWeight, %theirPiecesWeight
0, 0, 0.6, 11.0182776049, 5.75808976483, 2.42341831469, 5.75808976483
0, 1, 0.6, 10.1737373632, 3.51199327816, 2.87552842923, 3.51199327816
0, 2, 0.7, 5.8311040799, 6.02454867136, -0.674122939908, 6.02454867136
1, 0, 0.7, 11.0182776049, 5.75808976483, 2.42341831469, 5.75808976483
1, 1, 0.7, 10.1737373632, 3.51199327816, 2.87552842923, 3.51199327816
1, 2, 0.3, 5.8311040799, 6.02454867136, -0.674122939908, 6.02454867136
2, 0, 0.5, 11.0182776049, 5.75808976483, 2.42341831469, 5.75808976483
2, 1, 0.8, 10.1737373632, 3.51199327816, 2.87552842923, 3.51199327816
2, 2, 0.7, 5.8311040799, 6.02454867136, -0.674122939908, 6.02454867136
3, 0, 0.6, 11.0182776049, 5.75808976483, 2.42341831469, 5.75808976483
3, 1, 0.7, 10.1737373632, 3.51199327816, 2.87552842923, 3.51199327816
3, 2, 0.3, 5.8311040799, 6.02454867136, -0.674122939908, 6.02454867136
4, 0, 0.7, 11.0182776049, 5.75808976483, 2.42341831469, 5.75808976483
4, 1, 0.6, 10.1737373632, 3.51199327816, 2.87552842923, 3.51199327816
4, 2, 0.5, 5.8311040799, 6.02454867136, -0.674122939908, 6.02454867136
5, 0, 0.7, 11.0182776049, 5.75808976483, 2.42341831469, 5.75808976483
5, 1, 0.9, 10.1737373632, 3.51199327816, 2.87552842923, 3.51199327816
5, 2, 0.3, 5.8311040799, 6.02454867136, -0.674122939908, 6.02454867136
