%roundNum, %playerNum, %fitness, %myMovesWeight, %theirMovesWeight, %myPiecesWeight, %theirPiecesWeight
0, 0, 0.65, 6.24787701381, 0.126338542777, 1.56765879674, 0.126338542777
0, 1, 0.7, 9.57502517101, 8.41193024335, -0.60172267934, 8.41193024335
0, 2, 0.6, 11.9374047608, 5.72816647758, 1.32765122249, 5.72816647758
0, 3, 0.75, 9.33019716209, 5.58944381875, 2.35682338007, 5.58944381875
0, 4, 0.6, 13.802548016, 4.14076216406, 2.49231841897, 4.14076216406
1, 0, 0.8, 7.92602552652, 1.42989430841, 2.9936110392, 1.42989430841
1, 1, 0.55, 9.57354873446, 2.69841517024, 0.541210607708, 2.69841517024
1, 2, 0.55, 5.16327411029, 5.87772412327, 3.74761245984, 5.87772412327
1, 3, 0.5, 9.26808529756, 10.5606764187, 1.46629850098, 10.5606764187
1, 4, 0.95, 8.96845205547, 1.4082878041, 4.32397241576, 1.4082878041
2, 0, 0.55, 10.4000328863, 5.69844848171, 5.14378627222, 5.69844848171
2, 1, 0.7, 4.97220100716, 1.48257849142, 5.10838265569, 1.48257849142
2, 2, 0.5, 10.0760023644, 5.68315591105, 4.06156699616, 5.68315591105
2, 3, 0.8, 11.313270438, -0.308268711715, 5.66022522118, -0.308268711715
2, 4, 0.85, 4.55611515555, -1.90660174676, 3.2707783143, -1.90660174676
3, 0, 0.9, 9.14088982202, -3.84940441546, 3.4825793125, -3.84940441546
3, 1, 0.9, 8.03997485579, -4.24223497853, 3.58993625685, -4.24223497853
3, 2, 0.65, 1.65458997564, -2.34858694497, 3.37367789481, -2.34858694497
3, 3, 0.5, -0.11871802686, -0.538128485972, 1.63801257348, -0.538128485972
3, 4, 0.7, 5.07786969839, 2.75664180022, 1.49198056513, 2.75664180022
4, 0, 0.85, 8.03747529976, -8.5079530572, 3.46531904534, -8.5079530572
4, 1, 0.75, 11.591429766, -5.87456075803, 1.62583614421, -5.87456075803
4, 2, 0.65, 6.60018696988, -5.7726010748, 5.22684303439, -5.7726010748
4, 3, 0.75, 14.0265669485, -0.887099435178, 4.8884875007, -0.887099435178
4, 4, 0.75, 5.38528853247, -0.0967514417492, 3.89554900609, -0.0967514417492
5, 0, 0.8, 10.6697914427, -3.99730258297, 1.55965324114, -3.99730258297
5, 1, 0.8, 11.3155217616, -8.02738828841, 4.00624464593, -8.02738828841
5, 2, 0.55, 4.31098679004, -8.18238558788, 4.97961783305, -8.18238558788
5, 3, 0.75, 9.17333076618, -7.54722199273, 3.25755401448, -7.54722199273
5, 4, 0.85, 10.7850992179, -7.22378164727, 2.63009294922, -7.22378164727
6, 0, 0.75, 9.93095035544, -11.0752172734, 2.51414747041, -11.0752172734
6, 1, 0.85, 9.28220231732, -2.9674025868, 0.746082360527, -2.9674025868
6, 2, 0.75, 11.3055325393, -11.8120629277, 3.69765589176, -11.8120629277
