%roundNum, %playerNum, %fitness, %myMovesWeight, %theirMovesWeight, %myPiecesWeight, %theirPiecesWeight, %gamesPerRound
0, 0, 0.6, 7.76452576763, 3.71178814364, 2.57775155675, 3.71178814364, 5
0, 1, 0.0, 12.9191156297, 3.02246541387, 0.200725431273, 3.02246541387, 5
0, 2, 0.8, 7.34593925001, 5.97738900231, 1.35602058619, 5.97738900231, 5
0, 3, 1.0, 14.0209649706, 8.37040603088, -0.633500386273, 8.37040603088, 5
0, 4, 0.4, 7.70667385433, 7.75350432299, 1.33511405814, 7.75350432299, 5
1, 0, 0.8, 14.0958886643, 3.91056132023, 1.11739080044, 3.91056132023, 5
1, 1, 0.6, 9.99650361656, 11.9766890205, 1.09351711875, 11.9766890205, 5
1, 2, 0.2, 15.9929275927, 7.91895077208, -0.826051796781, 7.91895077208, 5
1, 3, 0.6, 9.45833502975, 5.98578137849, -0.583967180425, 5.98578137849, 5
